<?xml version="1.0"?>
<opencv_storage>
	<distortion type_id="opencv-matrix">
		<rows>1</rows>
		<cols>5</cols>
		<dt>f</dt>
		<data>-4.1802327176423804e-001 5.0715244063187526e-001 0. 0. -5.7843597214487474e-001</data>
	</distortion>
	
	<intrinsic type_id="opencv-matrix">
		<rows>3</rows>
		<cols>3</cols>
		<dt>f</dt>
		<data>
			6.5746697944293521e+002 0. 3.1950000000000000e+002 
			0. 6.5746697944293521e+002 2.3950000000000000e+002 
			0. 0. 1.
		</data>
	</intrinsic>

</opencv_storage>
